27
67
46
33
99
57
90
90
58
94
38
76
55
50
25
65
74
22
38
52
72
62
43
50
73
43
114
96
27
65
68
103
88
67
100
98
22
112
74
34
23
96
29
107
51
62
80
82
117
34
89
55
31
78
54
76
38
29
103
119
34
101
87
103
72
97
91
76
50
84
31
110
74
20
33
65
24
100
34
85
83
55
104
92
99
52
113
49
95
23
104
56
107
56
66
48
51
77
57
101
65
80
80
78
55
76
45
80
73
46
80
48
47
61
86
76
70
77
86
76
62
72
59
87
77
61
54
52
75
46
87
51
70
46
70
86
71
47
75
63
85
50
49
56
84
70
77
52
83
63
86
64
57
74
48
70
52
48
54
85
72
74
56
48
57
59
70
81
58
69
82
89
78
69
56
64
68
67
72
81
67
48
72
53
62
68
52
59
56
63
63
53
49
71
84
70
73
80
74
53