72,32,24
35,96,77
21,57,39
70,48,76
66,41,28
67,28,99
82,85,74
76,49,18
21,84,55
85,72,31
77,85,29
10,62,98
64,73,88
76,49,18
88,67,88
66,41,28
42,54,91
28,43,75
45,77,41
34,91,45
97,26,75
82,85,74
34,13,58
34,46,84
91,26,56
25,26,33
62,13,92
77,12,87
70,36,53
31,64,16
31,95,17
71,61,75
87,21,75
29,55,51
34,13,58
67,25,85
59,89,33
69,81,40
77,85,29
87,50,91
12,92,78
85,72,31
21,84,55
39,26,26
72,32,24
22,10,37
87,50,91
11,95,90
27,87,97
99,54,73
86,49,17
75,95,10
61,19,93
41,57,49
89,35,36
95,93,35
28,43,75
39,61,40
29,55,51
70,36,53
67,28,99
61,19,93
66,41,28
53,75,13
50,43,13
84,33,54
65,63,51
34,94,62
72,55,66
60,24,85
82,85,74
29,25,37
34,92,36
89,35,36
46,25,16
43,60,69
99,89,42
65,86,75
77,85,29
14,23,25
34,92,36
73,95,21
41,87,65
93,84,99
22,97,29
34,92,36
89,81,49
79,83,22
10,36,82
75,95,10
79,85,56
33,90,55
69,18,55
80,57,40
93,84,99
24,90,37
77,85,29
45,11,43
40,39,80
29,82,42
98,12,16
83,68,55
91,41,44
10,52,97
17,78,92
22,10,37
18,30,60
95,54,64
76,49,18
43,25,36
28,77,89
31,95,17
82,85,74
14,16,62
79,85,56
70,36,53
95,72,87
69,81,40
47,44,17
21,84,55
60,24,85
72,54,77
45,90,59
34,94,62
21,84,55
95,54,64
89,76,62
20,29,54
95,93,35
21,84,55
77,85,29
81,92,19
35,60,36
97,88,82
91,61,85
25,48,64
67,28,99
98,52,45
45,50,73
69,68,39
46,40,92
27,87,97
65,63,51
53,75,13
93,26,10
25,48,64
73,95,21
75,95,10
97,68,28
82,85,74
72,32,24
31,64,16
19,15,57
56,65,37
39,61,40
70,70,83
53,75,13
37,57,88
24,17,92
21,84,55
44,14,90
70,36,53
27,52,78
43,25,36
69,92,88
59,89,33
21,84,55
73,82,94
27,52,78
66,41,28
39,61,40
65,93,57
35,39,51
61,88,25
65,86,75
91,83,37
73,95,21
25,48,64
70,36,53
30,24,44
43,53,87
70,36,53
77,85,29
37,46,28
91,41,44
82,85,74
53,75,13
82,85,74
73,16,52
75,95,10
73,95,21
44,14,90
79,83,22
93,68,89
11,95,90
70,70,83
66,41,28
13,92,20
80,28,51
24,90,37
65,86,75
77,85,29
89,35,36
73,16,52
29,55,51
67,28,99
82,85,74
70,36,53
98,52,45
89,35,36
26,54,48
67,25,85
46,25,16
87,21,75
70,36,53
21,84,55
13,27,56
59,57,53
69,18,55
27,43,35
67,78,77
69,49,81
45,32,62
83,68,55
39,61,40
47,62,22
67,28,99
81,50,66
80,57,40
43,25,36
36,72,60
82,85,74
53,75,13
84,33,54
21,84,55
91,83,37
71,81,67
97,26,75
79,85,56
27,87,97
65,63,51
57,43,97
37,84,17
91,26,56
89,35,36
21,95,85
28,43,75
91,83,37
60,42,80
17,33,24
70,12,38
21,84,55
20,82,95
60,42,80
31,95,17
43,25,36
87,21,75
46,19,38
35,45,56
71,95,21
83,14,29
63,74,36
28,77,89
67,28,99
40,71,97
56,29,46
56,77,81
17,33,24
16,20,88
91,61,85
75,95,10
21,84,55
40,71,97
40,11,18
83,67,30
56,77,81
12,66,20
17,33,24
34,94,62
59,57,53
36,74,58
19,87,40
26,35,28
73,16,52
21,84,55
26,80,46
82,85,74
19,87,40
44,14,90
17,33,24
28,77,89
91,61,85
21,84,55
71,19,53
27,87,97
46,25,16
81,50,66
83,67,30
67,28,99
65,64,30
14,23,25
77,85,29
24,90,37
75,95,10
32,47,74
67,28,99
48,92,91
18,98,90
34,92,36
59,57,53
79,83,22
21,84,55
94,44,32
65,63,51
31,95,17
83,98,12
43,53,87
28,77,89
47,44,17
56,65,37
72,32,24
11,19,48
39,26,26
18,98,90
47,53,81
30,24,44
64,18,50
77,85,29
90,88,54
43,25,36
66,77,13
44,53,99
24,90,37
76,69,69
97,88,82
80,28,51
47,44,17
66,41,28
29,55,51
99,28,18
76,69,69
46,19,38
72,55,66
97,26,75
34,92,36
26,83,61
70,12,38
15,97,11
21,84,55
31,86,87
70,48,76
24,17,92
34,91,45
81,92,19
41,78,58
37,46,28
21,84,55
37,84,17
63,81,60
62,13,92
91,83,37
79,85,56
17,33,24
29,55,51
12,66,20
28,77,89
81,92,19
96,72,76
79,16,19
31,95,17
56,65,37
28,77,89
24,31,66
89,76,62
15,97,11
64,73,88
72,55,66
91,83,37
14,23,25
82,85,74
31,95,17
70,12,38
40,71,97
61,19,93
70,36,53
77,85,29
53,75,13
13,27,56
87,21,75
24,17,92
75,95,10
70,70,83
80,60,16
98,23,99
29,55,51
28,21,39
58,65,36
37,46,28
99,59,43
66,41,28
82,85,74
27,87,97
25,48,64
37,55,38
34,92,36
83,68,55
96,47,44
75,95,10
73,95,21
68,44,83
79,85,56
77,85,29
41,87,65
77,85,29
89,27,48
77,85,29
32,47,74
46,40,92
81,92,19
21,84,55
39,93,39
12,66,20
24,86,49
90,88,54
28,77,89
96,47,44
82,85,74
12,96,17
89,81,49
78,11,88
64,15,74
64,18,50
44,14,90
34,94,62
32,83,37
17,33,24
72,37,18
78,11,88
97,88,82
29,55,51
77,85,29
20,29,54
72,54,77
82,85,74
40,71,97
93,84,99
21,84,55
73,95,21
47,53,81
77,12,87
70,36,53
53,75,13
34,13,58
40,71,97
29,35,85
88,28,41
97,68,28
45,90,59
32,83,37
27,87,97
65,63,51
93,68,89
99,89,42
70,70,83
54,47,86
25,26,33
72,32,24
46,25,16
13,10,20
66,41,28
46,25,16
40,11,18
82,85,74
77,85,29
20,90,22
15,97,11
73,95,21
41,43,72
28,21,39
38,30,69
14,23,25
89,27,48
84,33,54
53,91,80
79,85,56
35,60,36
43,25,36
88,67,88
43,25,36
31,95,17
78,11,88
84,33,54
34,46,84
21,49,70
90,88,54
27,87,97
88,96,79
34,94,62
75,95,10
95,91,36
21,84,55
79,85,56
80,28,51
67,28,99
77,85,29
58,67,73
46,75,33
35,45,56
35,64,97
21,84,55
65,63,51
22,97,29
81,50,66
54,99,58
70,12,38
87,21,75
60,42,80
60,98,18
56,77,81
46,25,16
34,26,99
98,12,16
79,85,56
79,16,19
40,71,97
57,29,79
91,61,85
16,62,22
70,70,83
63,81,60
33,90,55
21,84,55
34,13,58
61,19,93
34,91,45
19,20,73
87,21,75
27,87,97
71,95,21
20,90,22
77,85,29
37,55,38
78,74,27
75,95,10
17,33,24
93,36,62
79,52,99
79,85,56
70,36,53
45,90,59
39,61,40
12,96,17
27,87,97
73,82,94
24,55,89
75,95,10
21,78,47
37,46,28
25,48,64
68,44,83
50,93,98
54,47,86
90,98,62
28,21,39
34,70,25
35,45,56
54,66,66
46,25,16
77,85,29
21,76,96
66,41,28
86,15,13
24,86,49
19,20,73
91,61,85
95,91,36
91,26,56
20,90,22
71,95,21
82,85,74
24,86,49
89,35,36
78,11,88
43,25,36
59,70,74
21,84,55
10,62,98
21,84,55
76,69,69
81,92,19
11,24,16
60,24,85
65,63,51
20,90,22
53,75,13
39,93,39
46,25,16
50,43,13
73,16,52
10,36,82
83,25,16
45,11,43
73,95,21
91,88,16
67,41,77
39,93,39
48,92,91
83,22,68
43,25,36
27,87,97
43,60,69
66,77,13
35,64,97
13,10,20
20,90,22
68,44,83
47,44,17
91,26,56
21,84,55
43,25,36
82,85,74
69,18,55
41,57,49
21,95,85
75,95,10
48,86,59
70,36,53
64,18,50
67,41,77
31,64,16
76,49,18
67,25,85
39,93,39
17,33,24
39,38,84
21,76,96
66,41,28
21,84,55
17,78,92
63,74,36
21,84,55
93,26,10
69,32,51
17,33,24
58,67,73
86,15,13
66,63,59
43,61,39
65,93,57
69,68,39
63,81,60
66,63,59
22,11,91
87,21,75
35,39,51
20,29,54
34,13,58
21,57,39
73,95,21
28,21,39
98,12,16
43,60,69
66,77,13
17,78,92
10,52,97
60,24,85
41,78,58
77,85,29
81,92,19
21,84,55
27,87,97
21,84,55
75,95,10
21,84,55
46,25,16
25,48,64
97,68,28
11,24,16
26,80,46
45,77,41
65,63,51
97,26,75
73,16,52
54,99,58
82,85,74
99,59,43
27,87,97
43,60,69
25,26,33
65,63,51
82,85,74
81,92,19
34,26,99
21,95,85
73,16,52
59,57,53
67,28,99
77,85,29
97,88,82
56,90,12
75,95,10
78,75,28
66,63,59
67,41,77
97,68,28
21,78,47
47,53,81
70,12,38
54,47,86
21,84,55
95,91,36
93,68,89
13,10,20
41,87,65
70,70,83
93,36,62
72,54,77
91,26,56
66,77,13
40,71,97
53,75,13
44,14,90
82,45,57
66,41,28
89,81,49
59,57,53
22,10,37
65,93,57
43,25,36
75,95,10
46,40,92
63,74,36
66,63,59
48,92,91
83,67,30
47,44,17
25,26,33
27,87,97
84,33,54
65,63,51
75,95,10
64,18,50
31,64,16
31,95,17
17,78,92
17,33,24
29,25,37
27,87,97
31,95,17
77,85,29
75,95,10
77,85,29
75,95,10
79,85,56
88,67,88
72,54,77
98,23,99
70,75,66
27,87,97
80,57,40
77,85,29
56,65,37
29,55,51
27,87,97
32,47,74
89,81,49
67,41,77
89,81,49
54,99,58
34,92,36
67,83,44
75,95,10
29,55,51
18,30,60
83,67,30
97,68,28
59,57,53
67,25,85
29,55,51
43,61,39
56,77,81
74,83,88
27,87,97
79,52,99
66,41,28
16,62,22
96,88,26
21,84,55
60,42,80
37,37,58
31,95,17
67,25,85
54,47,86
84,33,54
83,22,68
28,77,89
75,95,10
95,93,35
83,68,55
72,37,18
83,98,12
10,62,98
91,83,37
72,75,60
79,16,19
72,32,24
21,84,55
43,60,69
66,41,28
72,37,18
39,38,84
27,87,97
10,62,98
66,77,13
79,52,99
88,16,68
47,62,22
34,46,84
72,32,24
20,29,54
18,98,90
86,15,13
99,54,73
83,68,55
56,65,37
26,83,61
66,41,28
40,71,97
91,13,98
24,86,49
90,88,54
73,16,52
37,55,38
21,84,55
43,82,50
13,92,20
78,74,27
53,75,13
97,68,28
67,78,77
50,43,13
66,77,13
76,69,69
24,21,28
40,36,48
73,95,21
83,67,30
67,28,99
89,35,36
66,41,28
88,67,88
89,33,84
40,36,48
66,41,28
82,85,74
95,56,50
20,29,54
21,84,55
93,84,99
95,54,64
22,97,29
88,67,88
76,69,69
71,81,67
59,57,53
91,26,56
88,96,79
40,11,18
73,95,21
81,50,66
82,45,57
21,84,55
34,91,45
65,63,51
28,77,89
31,95,17
21,76,96
91,61,85
11,24,16
53,75,13
32,47,74
73,95,21
25,26,33
75,95,10
93,26,10
99,89,42
16,24,58
34,91,45
39,93,39
28,77,89
79,85,56
77,85,29
65,63,51
27,87,97
66,41,28
43,53,87
82,85,74
21,84,55
46,75,33
10,52,97
65,63,51
99,54,73
73,16,52
24,86,49
65,63,51
69,92,88
22,97,29
67,28,99
95,54,64
86,74,94
78,75,28
88,67,88
27,87,97
43,53,87
75,95,10
83,67,30
19,15,57
25,26,33
65,86,75
18,98,90
67,83,44
66,41,28
72,32,24
53,60,38
31,95,17
46,40,92
65,63,51
20,29,54
22,11,91
56,92,88
19,20,73
73,95,21
70,12,38
73,95,21
72,37,18
20,82,95
40,39,80
27,87,97
66,41,28
34,70,25
29,82,42
20,82,95
21,84,55
95,56,50
31,64,16
73,95,21
43,25,36
18,30,60
22,97,29
87,50,91
85,30,41
29,55,51
67,78,77
89,33,84
69,81,40
91,26,35
43,25,36
21,84,55
14,23,25
37,71,75
37,55,38
18,98,90
53,75,13
43,25,36
34,94,62
46,40,92
66,41,28
31,95,17
28,77,89
43,61,39
26,54,48
27,87,97
34,92,36
10,52,97
19,30,34
35,39,51
17,33,24
22,97,29
40,71,97
91,13,98
86,49,17
29,54,68
90,98,62
18,30,60
82,85,74
67,28,99
46,40,92
56,29,46
85,72,31
27,43,35
21,84,55
22,11,91
28,77,89
85,72,31
34,91,45
69,32,51
21,84,55
29,82,42
31,95,17
73,95,21
66,77,13
98,12,16
61,19,93
27,87,97
67,28,99
59,57,53
75,95,10
21,84,55
66,41,28
87,21,75
80,28,51
72,65,47
60,33,65
78,55,82
44,14,90
13,10,20
89,35,36
77,85,29
39,93,39
29,55,51
70,36,53
35,87,10
40,71,97
73,95,21
75,95,10
53,75,13
28,77,89
67,28,99
87,21,75
98,23,99
21,84,55
95,91,36
28,21,39
14,23,25
12,96,17
25,48,64
19,87,40
26,83,61
65,64,30
46,40,92
84,33,54
65,63,51
27,87,97
82,85,74
82,85,74
12,92,78
26,54,48
83,68,55
25,48,64
90,98,62
45,77,41
21,84,55
60,33,65
70,70,83
82,85,74
70,36,53
17,78,92
64,18,50
28,77,89
58,67,73
95,54,64
26,83,61
66,77,13
88,28,41
69,68,39
63,74,36
22,97,29
67,78,77
79,85,56
34,94,62
31,95,17
95,93,35
53,75,13
95,56,50
56,90,12
14,23,25
66,77,13
35,87,10
32,83,37
84,33,54
89,81,49
91,41,44
98,12,16
45,90,59
83,68,55
69,68,39
75,95,10
80,60,16
85,30,41
76,46,76
39,26,26
98,23,99
67,28,99
75,95,10
34,13,58
66,77,13
83,67,30
27,87,97
67,83,44
47,44,17
82,85,74
34,13,58
72,32,24
99,89,42
91,26,56
29,54,68
78,74,27
48,86,59
77,85,29
31,64,16
98,52,45
28,77,89
89,76,62
21,84,55
75,95,10
58,69,38
39,38,84
26,26,90
34,94,62
71,95,21
78,11,88
63,81,60
84,33,54
69,92,88
18,30,60
31,95,17
71,81,67
65,94,96
21,84,55
43,25,36
31,95,17
25,26,33
75,95,10
34,13,58
79,52,99
86,15,13
17,33,24
82,85,74
91,88,16
34,92,36
21,84,55
21,57,39
29,55,51
58,36,94
70,70,83
37,84,17
59,57,53
82,85,74
69,68,39
47,53,81
34,46,84
21,84,55
46,40,92
78,75,28
46,40,92
77,85,29
43,25,36
82,85,74
54,99,58
59,70,74
93,36,62
31,64,16
17,33,24
39,26,26
98,12,16
21,84,55
85,30,41
27,52,78
82,85,74
47,53,81
39,38,84
62,13,92
53,91,80
31,95,17
99,59,43
66,41,28
87,50,91
10,62,98
24,90,37
48,86,59
18,30,60
89,35,36
37,71,75
34,13,58
46,25,16
95,91,36
56,92,88
75,95,10
46,40,92
65,63,51
35,87,10
31,95,17
45,77,41
19,87,40
96,88,26
73,95,21
19,20,73
98,12,16
76,49,18
56,90,12
59,57,53
15,97,11
21,84,55
43,25,36
73,16,52
56,65,37
97,26,75
39,61,40
47,44,17
83,67,30
27,87,97
82,85,74
77,85,29
78,11,88
70,36,53
84,33,54
75,95,10
59,57,53
89,35,36
27,87,97
73,95,21
21,76,96
32,96,55
28,21,39
34,94,62
40,39,80
77,12,87
88,28,41
80,57,40
32,83,37
29,55,51
59,78,76
27,52,78
66,41,28
64,18,50
41,43,72
46,75,33
40,71,97
76,69,69
67,28,99
41,43,72
46,75,33
79,16,19
83,68,55
66,41,28
40,39,80
56,92,88
85,30,41
81,84,42
37,37,58
40,11,18
39,26,26
75,95,10
99,77,41
31,95,17
82,85,74
31,64,16
56,65,37
83,22,68
66,77,13
29,35,85
87,21,75
21,84,55
41,43,72
31,64,16
94,44,32
16,58,95
21,78,47
36,74,58
21,84,55
29,82,42
21,76,96
59,89,33
75,95,10
28,77,89
70,36,53
35,45,56
29,55,51
37,46,28
34,92,36
31,64,16
75,95,10
35,87,10
21,84,55
21,84,55
69,49,81
39,93,39
66,77,13
29,55,51
73,95,21
75,95,10
19,87,40
75,95,10
34,13,58
78,75,28
75,95,10
75,95,10
77,85,29
88,67,88
80,28,51
59,57,53
95,54,64
62,13,92
84,33,54
79,85,56
82,85,74
34,94,62
66,41,28
17,33,24
70,48,76
70,70,83
70,48,76
93,36,62
15,97,11
69,49,81
39,38,84
21,84,55
99,28,18
97,26,75
79,85,56
42,54,91
70,48,76
39,61,40
70,70,83
28,77,89
21,84,55
27,87,97
21,84,55
34,13,58
79,85,56
39,26,26
56,77,81
82,85,74
80,60,16
99,59,43
78,11,88
34,13,58
75,95,10
47,62,22
27,87,97
93,84,99
77,85,29
83,67,30
93,26,10
29,55,51
29,55,51
70,36,53
36,72,60
21,84,55
31,95,17
93,36,62
22,97,29
83,98,12
27,87,97
28,77,89
65,64,30
72,65,47
37,84,17
10,52,97
71,52,28
94,44,32
41,57,49
91,88,16
21,84,55
99,54,73
65,63,51
43,25,36
22,97,29
37,46,28
87,21,75
29,25,37
70,36,53
80,57,40
21,84,55
72,37,18
66,41,28
87,21,75
67,28,99
42,54,91
79,52,99
31,64,16
25,48,64
39,93,39
87,21,75
34,46,84
66,41,28
21,57,39
29,35,85
98,24,30
65,64,30
21,84,55
35,45,56
69,49,81
66,41,28
34,94,62
73,95,21
69,49,81
79,52,99
82,85,74
40,71,97
35,64,97
35,69,22
19,87,40
60,24,85
82,85,74
79,85,56
21,76,96
58,67,73
79,85,56
78,74,27
75,95,10
91,26,56
61,88,25
22,10,37
43,25,36
21,84,55
96,47,44
35,64,97
29,54,68
67,28,99
19,30,34
45,93,36
86,15,13
39,93,39
21,95,85
37,55,38
82,85,74
60,24,85
48,86,59
97,26,75
98,52,45
73,16,52
40,39,80
40,71,97
43,53,87
24,21,28
29,35,85
73,16,52
40,71,97
46,25,16
66,41,28
79,52,99
29,82,42
73,82,94
91,61,85
77,85,29
95,54,64
34,70,25
23,79,13
70,36,53
75,95,10
32,47,74
82,85,74
71,61,75
83,22,68
24,17,92
66,77,13
48,86,59
65,63,51
34,92,36
29,25,37
63,81,60
75,95,10
85,30,41
77,85,29
31,64,16
91,61,85
40,71,97
88,28,41
11,24,16
32,47,74
21,84,55
54,99,58
27,87,97
39,26,26
73,95,21
17,33,24
89,35,36
93,68,89
34,70,25
17,33,24
53,91,80
73,95,21
19,20,73
40,71,97
21,84,55
17,33,24
66,77,13
57,43,97
30,24,44
40,71,97
24,86,49
24,75,80
73,95,21
31,95,17
67,28,99
16,62,22
31,64,16
84,33,54
46,25,16
39,61,40
96,72,76
65,93,57
17,33,24
83,67,30
81,50,66
46,25,16
79,85,56
43,25,36
37,37,58
29,35,85
34,91,45
70,36,53
39,26,26
75,95,10
39,93,39
72,32,24
81,92,19
21,78,47
87,21,75
22,10,37
79,93,35
73,16,52
91,26,56
31,86,87
64,18,50
80,57,40
73,95,21
27,87,97
90,88,54
79,83,22
83,68,55
66,41,28
91,61,85
28,77,89
40,71,97
73,16,52
17,33,24
82,85,74
60,24,85
31,95,17
34,94,62
18,30,60
24,90,37
37,55,38
90,98,62
24,21,28
82,85,74
82,85,74
41,57,49
35,39,51
47,44,17
28,77,89
21,84,55
99,89,42
40,36,48
69,32,51
63,74,36
73,16,52
79,16,19
78,74,27
61,19,93
12,66,20
41,43,72
69,92,88
37,37,58
21,95,85
80,57,40
29,55,51
73,87,62
54,47,86
66,41,28
66,41,28
40,71,97
24,21,28
10,52,97
65,63,51
59,57,53
73,87,62
21,84,55
34,13,58
45,77,41
31,95,17
21,57,39
43,25,36
43,25,36
73,95,21
27,87,97
89,76,62
97,88,82
87,21,75
45,93,36
75,95,10
89,33,84
32,83,37
17,33,24
75,95,10
93,68,89
67,28,99
19,87,40
76,69,69
39,26,26
46,25,16
35,45,56
13,10,20
28,77,89
13,10,20
69,18,55
79,16,19
78,11,88
87,50,91
73,95,21
25,71,81
17,33,24
73,16,52
77,85,29
27,87,97
45,50,73
23,79,13
67,28,99
61,19,93
69,68,39
78,74,27
94,44,32
53,75,13
89,33,84
70,36,53
21,84,55
35,39,51
40,71,97
77,85,29
87,22,27
29,55,51
83,67,30
65,63,51
90,98,62
16,58,95
39,93,39
31,95,17
73,95,21
99,54,73
24,21,28
95,93,35
97,88,82
41,87,65
61,19,93
21,84,55
11,95,90
70,12,38
72,75,60
70,12,38
93,68,89
89,35,36
21,84,55
58,99,31
87,21,75
67,78,77
89,27,48
25,26,33
87,21,75
59,57,53
44,14,90
35,64,97
57,43,97
77,85,29
76,88,10
70,48,76
35,39,51
73,95,21
90,88,54
50,93,98
75,95,10
73,95,21
95,93,35
70,70,83
29,55,51
11,24,16
73,95,21
34,94,62
50,93,98
65,64,30
83,67,30
73,87,62
43,25,36
13,27,56
34,94,62
28,77,89
75,95,10
73,95,21
83,68,55
75,95,10
17,78,92
87,50,91
80,57,40
21,84,55
23,79,13
35,69,22
40,39,80
63,81,60
25,48,64
40,71,97
46,25,16
72,37,18
26,26,90
90,98,62
67,83,44
27,87,97
53,75,13
69,49,81
45,77,41
31,64,16
88,28,41
53,91,80
76,69,69
82,85,74
21,84,55
84,33,54
75,95,10
47,62,22
94,44,32
16,20,88
34,13,58
99,28,18
77,85,29
17,33,24
46,75,33
75,95,10
12,96,17
42,54,91
79,16,19
91,41,44
66,41,28
72,37,18
22,10,37
67,78,77
26,83,61
76,69,69
98,23,99
73,16,52
81,50,66
29,55,51
43,53,87
47,62,22
29,82,42
75,95,10
35,60,36
66,77,13
89,35,36
29,55,51
37,57,88
56,77,81
35,64,97
70,36,53
20,82,95
59,57,53
24,90,37
41,43,72
15,97,11
35,39,51
67,28,99
38,30,69
58,65,36
32,83,37
98,23,99
98,23,99
50,43,13
47,62,22
77,12,87
88,67,88
87,21,75
34,91,45
50,43,13
79,85,56
21,84,55
34,46,84
21,84,55
34,13,58
22,97,29
79,85,56
73,95,21
37,71,75
79,16,19
66,41,28
79,85,56
70,36,53
73,16,52
72,65,47
19,87,40
82,85,74
77,85,29
89,35,36
21,49,70
31,95,17
84,33,54
22,10,37
45,77,41
79,85,56
66,77,13
31,64,16
43,25,36
72,75,60
37,57,88
85,30,41
86,15,13
91,41,44
29,82,42
65,63,51
73,16,52
21,84,55
21,84,55
18,98,90
98,12,16
98,52,45
91,61,85
82,85,74
78,74,27
59,89,33
17,78,92
82,85,74
65,63,51
93,26,10
89,33,84
73,95,21
56,77,81
18,30,60
58,69,38
40,71,97
46,75,33
26,26,90
60,42,80
21,78,47
65,94,96
83,67,30
37,84,17
17,33,24
82,85,74
80,14,41
39,38,84
94,44,32
67,78,77
28,77,89
37,46,28
95,91,36
75,95,10
93,26,10
29,82,42
35,45,56
75,95,10
90,88,54
79,16,19
99,89,42
71,95,21
46,25,16
12,66,20
84,33,54
89,35,36
78,74,27
14,23,25
19,20,73
99,59,43
90,88,54
46,75,33
73,95,21
34,13,58
76,46,76
76,69,69
31,86,87
66,63,59
21,84,55
77,12,87
70,36,53
50,93,98
26,35,28
54,99,58
67,41,77
29,55,51
27,42,75
54,99,58
22,10,37
39,26,26
89,33,84
33,90,55
60,24,85
44,14,90
18,98,90
39,38,84
58,69,38
87,21,75
82,85,74
19,15,57
47,62,22
42,54,91
27,87,97
31,95,17
19,15,57
97,26,75
65,63,51
15,97,11
40,71,97
77,85,29
75,95,10
99,54,73
71,19,53
90,88,54
72,32,24
65,63,51
20,90,22
79,85,56
99,59,43
80,28,51
59,57,53
93,68,89
40,71,97
10,77,66
45,93,36
83,68,55
86,15,13
61,81,75
29,82,42
35,64,97
98,23,99
53,75,13
11,24,16
53,75,13
32,83,37
94,44,32
78,11,88
69,92,88
67,25,85
34,92,36
39,61,40
83,98,12
72,55,66
77,85,29
31,64,16
83,68,55
34,94,62
43,53,87
83,67,30
79,85,56
94,93,94
73,16,52
73,95,21
58,99,31
36,72,60
75,95,10
69,49,81
35,45,56
22,10,37
65,63,51
46,19,38
59,70,74
48,92,91
69,68,39
31,95,17
76,49,18
73,95,21
96,72,76
54,99,58
46,25,16
79,85,56
98,23,99
28,21,39
16,24,58
45,90,59
93,84,99
31,95,17
87,50,91
59,89,33
89,33,84
35,64,97
67,28,99
54,99,58
27,43,35
40,71,97
29,55,51
40,11,18
21,84,55
31,64,16
44,14,90
85,30,41
66,41,28
77,12,87
53,75,13
77,85,29
99,89,42
56,29,46
60,42,80
19,20,73
50,93,98
76,49,18
37,37,58
54,66,66
99,59,43
65,63,51
82,85,74
27,87,97
73,95,21
34,26,99
27,87,97
29,82,42
61,88,25
58,65,36
84,33,54
21,84,55
21,57,39
28,77,89
77,85,29
21,95,85
73,95,21
89,35,36
96,88,26
76,46,76
82,85,74
28,77,89
78,74,27
25,26,33
82,85,74
66,77,13
75,95,10
77,85,29
71,19,53
93,36,62
73,16,52
78,11,88
10,36,82
78,74,27
26,80,46
65,94,96
59,89,33
70,70,83
88,96,79
34,46,84
34,13,58
88,67,88
37,37,58
88,28,41
83,22,68
76,49,18
73,95,21
18,98,90
40,39,80
95,54,64
46,75,33
70,22,14
73,16,52
28,77,89
54,99,58
70,70,83
36,72,60
59,70,74
99,54,73
87,21,75
21,84,55
31,95,17
47,62,22
75,95,10
47,44,17
22,11,91
67,83,44
28,77,89
16,62,22
31,95,17
67,25,85
87,21,75
63,74,36
89,33,84
20,82,95
75,95,10
11,19,48
66,77,13
82,85,74
63,81,60
91,26,56
70,70,83
21,57,39
83,67,30
93,26,10
54,99,58
47,62,22
91,83,37
82,85,74
28,77,89
53,75,13
67,83,44
85,30,41
82,85,74
53,75,13
21,84,55
66,77,13
40,71,97
53,75,13
73,16,52
69,49,81
65,63,51
73,16,52
89,76,62
80,57,40
82,85,74
99,59,43
46,93,32
31,64,16
37,37,58
21,76,96
96,72,76
25,48,64
32,47,74
82,85,74
98,24,30
41,87,65
80,57,40
73,95,21
66,63,59
32,47,74
86,49,17
35,39,51
54,47,86
29,55,51
43,25,36
77,85,29
83,68,55
67,41,77
93,68,89
34,94,62
27,87,97
46,25,16
12,96,17
99,89,42
89,33,84
43,61,39
62,13,92
69,18,55
71,52,28
79,16,19
43,25,36
70,36,53
87,22,27
53,75,13
89,33,84
41,43,72
24,17,92
43,25,36
34,13,58
54,99,58
31,64,16
86,15,13
77,85,29
65,94,96
63,81,60
34,91,45
88,16,68
63,81,60
93,26,10
45,93,36
21,84,55
93,84,99
19,15,57
18,98,90
84,33,54
54,99,58
76,69,69
80,28,51
31,86,87
77,85,29
37,46,28
17,33,24
35,64,97
39,93,39
24,90,37
16,20,88
81,92,19
77,12,87
34,13,58
77,85,29
73,16,52
34,92,36
66,63,59
10,36,82
25,48,64
17,33,24
69,49,81
82,85,74
61,19,93
82,85,74
35,69,22
65,86,75
81,92,19
24,86,49
78,11,88
16,24,58
24,90,37
41,43,72
73,16,52
65,93,57
73,16,52
74,83,88
95,93,35
34,13,58
84,33,54
77,12,87
53,75,13
63,81,60
34,92,36
10,52,97
96,72,76
21,84,55
93,84,99
40,71,97
29,55,51
93,84,99
89,35,36
91,41,44
57,43,97
42,54,91
54,99,58
43,25,36
91,83,37
40,71,97
86,49,17
29,55,51
72,32,24
46,75,33
46,40,92
27,87,97
34,94,62
40,11,18
80,60,16
11,24,16
27,87,97
95,72,87
97,26,75
85,30,41
39,26,26
28,77,89
21,84,55
35,39,51
64,15,74
13,10,20
24,90,37
69,49,81
66,41,28
77,85,29
87,21,75
31,64,16
37,71,75
98,24,30
47,53,81
40,39,80
14,23,25
20,82,95
77,85,29
86,49,17
78,11,88
31,95,17
39,26,26
67,28,99
21,84,55
46,25,16
38,88,32
93,26,10
71,95,21
69,49,81
21,84,55
79,85,56
47,62,22
16,24,58
47,44,17
76,46,76
43,60,69
83,68,55
29,25,37
61,19,93
82,85,74
19,15,57
37,55,38
60,42,80
27,87,97
53,75,13
59,78,76
89,33,84
91,41,44
27,87,97
25,71,81
17,33,24
83,67,30
73,16,52
29,25,37
33,90,55
69,49,81
65,63,51
15,97,11
75,95,10
87,50,91
29,55,51
14,23,25
75,95,10
45,90,59
54,99,58
69,68,39
87,21,75
21,84,55
88,96,79
12,96,17
71,19,53
99,77,41
27,42,75
98,23,99
53,75,13
28,21,39
39,26,26
52,68,48
65,63,51
11,24,16
21,84,55
73,95,21
20,90,22
76,69,69
21,84,55
27,43,35
88,28,41
27,87,97
75,95,10
73,95,21
66,41,28
68,44,83
66,41,28
43,25,36
37,37,58
75,95,10
21,84,55
86,74,94
56,29,46
65,86,75
91,26,56
10,36,82
82,85,74
48,86,59
37,55,38
41,43,72
40,71,97
27,87,97
90,98,62
96,88,26
78,11,88
86,15,13
66,63,59
95,93,35
70,36,53
45,11,43
99,89,42
97,88,82
75,95,10
88,67,88
39,61,40
59,57,53
46,25,16
50,93,98
89,35,36
34,94,62
83,67,30
29,55,51
27,87,97
43,53,87
35,60,36
66,77,13
77,85,29
89,76,62
58,69,38
28,43,75
73,16,52
48,86,59
26,26,90
26,54,48
10,36,82
21,57,39
66,41,28
16,24,58
82,85,74
73,87,62
44,14,90
76,46,76
73,16,52
91,88,16
27,87,97
10,52,97
21,84,55
78,11,88
98,12,16
88,67,88
72,75,60
71,19,53
56,29,46
24,17,92
37,71,75
25,48,64
75,95,10
70,36,53
86,49,17
77,85,29
90,88,54
93,36,62
28,77,89
24,86,49
95,56,50
67,28,99
21,84,55
77,85,29
73,87,62
24,90,37
72,37,18
99,59,43
26,83,61
27,52,78
20,90,22
83,22,68
69,81,40
77,85,29
40,71,97
18,98,90
31,95,17
83,98,12
94,44,32
82,85,74
77,85,29
58,99,31
34,13,58
72,65,47
35,64,97
90,88,54
62,13,92
73,95,21
27,52,78
25,26,33
91,26,56
16,62,22
56,90,12
89,33,84
67,28,99
46,40,92
41,57,49
83,22,68
66,63,59
21,57,39
34,13,58
59,89,33
69,92,88
93,26,10
82,85,74
76,49,18
73,16,52
72,37,18
68,44,83
67,41,77
91,26,56
78,11,88
19,20,73
79,85,56
66,41,28
17,33,24
46,25,16
70,48,76
91,26,56
84,33,54
16,20,88
65,64,30
45,77,41
31,64,16
37,55,38
22,10,37
43,25,36
88,67,88
82,85,74
83,68,55
53,75,13
31,95,17
41,57,49
25,48,64
24,90,37
10,77,66
37,57,88
77,85,29
27,87,97
34,13,58
88,16,68
31,95,17
29,25,37
59,89,33
34,13,58
28,21,39
90,98,62
29,25,37
31,95,17
65,64,30
83,68,55
84,33,54
90,88,54
83,67,30
59,57,53
39,26,26
87,50,91
87,21,75
73,95,21
50,43,13
80,60,16